a0: -3.9716020e+00
a1: -2.1005988e+00
a2: -3.7866443e+00
a3: -5.8536881e+00
