a0: -3.9162865e+00
a1: -2.1736527e+00
a2: -3.8345765e+00
a3: -5.5808658e+00
