a0: -4.0604295e+00
a1: -2.1137725e+00
a2: -3.7812067e+00
a3: -5.8272955e+00
