a0:  0.0000000e+00
a1: -2.1461078e+00
a2: -4.0298084e+00
a3: -4.0391076e+00
