a0: -3.9827727e+00
a1: -2.1293413e+00
a2: -3.8008092e+00
a3: -5.7539498e+00
