e  :  0.0000000e+00  0.0000000e+00
a0 :  1.9300000e+00  1.9100000e+00
a1 :  0.0000000e+00  0.0000000e+00
a2 : -1.1800000e+00  5.2000000e-01
a3 : -1.8500000e+00  2.0700000e+00  
t  :  0.0000000e+00  5.0000000e+00
