a0:  0.0000000e+00
a1: -2.1449102e+00
a2: -4.0825590e+00
a3: -4.0867656e+00
