a0:  0.0000000e+00
a1: -2.2071856e+00
a2: -4.1348073e+00
a3: -4.0786966e+00
