a0:  0.0000000e+00
a1: -2.0862275e+00
a2: -3.8720589e+00
a3: -3.9518607e+00
