e  :  7.9000000e-01  0.0000000e+00
a0 : -2.5400000e+00  3.5300000e+00
a1 :  7.9000000e-01  0.0000000e+00
a2 : -6.0000000e-01  6.9000000e-01
a3 :  2.4300000e+00  1.1600000e+00  
t  :  7.9000000e-01  4.0000000e+00
